NAME;INDX;ID;START;END;STATE;
CM;0;1;1;9;0;
CM;1;2;16;19;0;
CM;2;3;20;33;0;
CM;3;4;34;38;0;
CM;4;5;165;178;0;
CM;5;6;51;53;0;
CM;6;10;12;15;0;
CM;7;8;0;253;15;
CM;8;11;0;252;15;
CM;9;12;10;11;0;
CM;10;30;0;13;7;
CM;11;31;0;14;7;
CM;12;40;0;253;7;
CM;13;41;0;254;7;
CM;14;42;0;251;7;
CM;15;43;0;252;7;
CM;16;50;39;44;0;
CM;17;51;45;50;8;
CM;18;53;54;55;8;
CM;19;52;56;61;0;
CM;20;101;62;68;0;
CM;21;102;69;72;8;
CM;22;103;73;77;0;
CM;23;104;78;93;8;
CM;24;105;94;106;0;
CM;25;106;107;119;8;
CM;26;107;120;128;0;
CM;27;108;129;132;0;
CM;28;109;133;136;8;
CM;29;110;137;139;8;
CM;30;111;140;144;8;
CM;31;112;145;156;8;
CM;32;113;0;0;8;
CM;33;114;157;164;0;
CM;34;201;0;1;0;
CM;35;202;0;2;0;
CM;36;203;0;3;0;
CM;37;204;0;4;0;
CM;38;205;0;12;7;
CM;39;301;0;5;6;
CM;40;302;0;5;5;
CM;41;303;0;5;6;
CM;42;304;0;5;6;
CM;43;305;0;5;6;
CM;44;306;0;5;6;
CM;45;401;0;6;10;
CM;46;402;0;7;10;
CM;47;403;0;8;10;
CM;48;404;0;9;10;
CM;49;405;0;10;10;
CM;50;405;0;11;10;
CM;51;501;179;195;0;
CM;52;502;196;202;0;
CM;53;503;203;212;8;
CM;54;551;0;14;14;
CM;55;552;0;14;14;
CM;56;603;0;0;14;
CM;57;602;0;0;14;
CM;58;601;0;0;14;
CM;59;600;0;0;14;
CM;60;599;0;0;5;
CM;61;598;0;0;6;
CM;62;1100;0;0;14;
CM;63;1101;0;0;6;
CM;64;1102;0;0;14;
CM;65;1103;0;0;5;
CM;66;1104;0;0;14;
CM;67;1105;0;0;14;
CM;68;1106;0;0;14;
CM;69;1200;0;0;14;
CM;70;1201;0;0;14;
CM;71;1202;0;0;14;
CM;72;1203;0;0;14;
CM;73;1300;0;0;6;
CM;74;1301;0;0;6;
CM;75;1302;0;0;5;
CM;76;1303;0;0;14;
CM;77;1304;0;0;14;
CM;78;2100;0;0;14;
CM;79;2101;0;0;14;
CM;80;2102;0;0;14;
CM;81;2104;0;0;14;
CM;82;2105;0;0;14;
CM;83;2106;0;0;14;
CM;84;2107;0;0;14;
CM;85;2108;0;0;14;
CM;86;2109;0;0;14;
CM;87;2110;0;0;14;
CM;88;2111;0;0;14;
CM;89;2112;0;0;14;
CM;90;2113;0;0;14;
CM;91;2115;0;0;14;
CM;92;2116;0;0;14;
CM;93;2117;0;0;14;
CM;94;2200;0;0;6;
CM;95;2201;0;0;5;
CM;96;2202;0;0;6;
CM;97;2204;0;0;14;
CM;98;2205;0;0;14;
CM;99;2206;0;0;14;
CM;100;2207;0;0;14;
CM;101;2208;0;0;14;
CM;102;2209;0;0;14;
CM;103;2210;0;0;14;
CM;104;2211;0;0;14;
CM;105;2212;0;0;14;
CM;106;2213;0;0;14;
CM;107;2300;0;0;14;
CM;108;2301;0;0;14;
CM;109;2302;0;0;14;
CM;110;2304;0;0;14;
CM;111;2305;0;0;14;
CM;112;2306;0;0;14;
CM;113;2307;0;0;14;
CM;114;2308;0;0;14;
CM;115;2309;0;0;14;
CM;116;2310;0;0;14;
CM;117;2311;0;0;14;
CM;118;2312;0;0;14;
CM;119;2313;0;0;14;
CM;120;3100;0;0;6;
CM;121;3101;0;0;5;
CM;122;3102;0;0;6;
CM;123;3103;0;0;6;
CM;124;3104;0;0;14;
CM;125;3105;0;0;14;
CM;126;3106;0;0;14;
CM;127;3107;0;0;14;
CM;128;3108;0;0;14;
CM;129;4100;0;0;6;
CM;130;4101;0;0;5;
CM;131;4102;0;0;6;
CM;132;4103;0;0;14;
CM;133;5100;0;0;14;
CM;134;5101;0;0;14;
CM;135;5102;0;0;14;
CM;136;5103;0;0;14;
CM;137;6100;0;0;14;
CM;138;6101;0;0;14;
CM;139;6102;0;0;14;
CM;140;7100;0;0;14;
CM;141;7101;0;0;14;
CM;142;7102;0;0;14;
CM;143;7103;0;0;14;
CM;144;7104;0;0;14;
CM;145;8100;0;0;14;
CM;146;8101;0;0;14;
CM;147;8103;0;0;14;
CM;148;8104;0;0;14;
CM;149;8105;0;0;14;
CM;150;8106;0;0;14;
CM;151;8107;0;0;14;
CM;152;8108;0;0;14;
CM;153;8109;0;0;14;
CM;154;8110;0;0;14;
CM;155;8111;0;0;14;
CM;156;8112;0;0;14;
CM;157;10100;0;0;1;
CM;158;10200;0;0;10;
CM;159;10300;0;0;1;
CM;160;10400;0;0;1;
CM;161;10500;0;0;1;
CM;162;10700;0;0;10;
CM;163;10800;0;0;10;
CM;164;10900;0;0;10;
CM;165;20100;0;0;11;
CM;166;20101;0;0;11;
CM;167;20102;0;0;11;
CM;168;20103;0;0;11;
CM;169;20104;0;0;11;
CM;170;20105;0;0;11;
CM;171;20106;0;0;11;
CM;172;20107;0;0;1;
CM;173;20108;0;0;1;
CM;174;20109;0;0;1;
CM;175;20110;0;0;11;
CM;176;20111;0;0;11;
CM;177;20112;0;0;1;
CM;178;20113;0;0;11;
CM;179;21100;0;0;11;
CM;180;21101;0;0;11;
CM;181;21102;0;0;11;
CM;182;21103;0;0;11;
CM;183;21104;0;0;3;
CM;184;21105;0;0;3;
CM;185;21106;0;0;11;
CM;186;21107;0;0;11;
CM;187;21108;0;0;11;
CM;188;21109;0;0;11;
CM;189;21110;0;0;11;
CM;190;21111;0;0;1;
CM;191;21112;0;0;11;
CM;192;21113;0;0;11;
CM;193;21114;0;0;11;
CM;194;21115;0;0;11;
CM;195;21116;0;0;11;
CM;196;21200;0;0;11;
CM;197;21201;0;0;3;
CM;198;21202;0;0;1;
CM;199;21203;0;0;11;
CM;200;21204;0;0;11;
CM;201;21205;0;0;3;
CM;202;21206;0;0;11;
CM;203;21300;0;0;11;
CM;204;21301;0;0;10;
CM;205;21302;0;0;11;
CM;206;21303;0;0;11;
CM;207;21304;0;0;11;
CM;208;21305;0;0;11;
CM;209;21306;0;0;11;
CM;210;21307;0;0;11;
CM;211;21308;0;0;11;
CM;212;21309;0;0;11;
NAME;INDX;ID;TYPE;SUPP;CODE;
IO;1;;1;2;3;
IO;2;;1;2;4;
IO;3;;1;2;14;
IO;4;;1;2;17;
IO;5;;1;2;42;
IO;6;;1;2;44;
IO;7;;0;2;0;
IO;8;;0;2;0;
IO;9;;1;2;7;
IO;10;;1;2;9;
IO;11;;1;2;8;
IO;12;;1;2;91;
IO;13;;0;2;0;
IO;14;;0;2;0;
IO;15;;0;2;0;
IO;16;;0;2;0;
IO;17;;1;2;90;
IO;18;;0;2;0;
IO;19;;11;2048;345;
IO;20;;11;2048;355;
IO;21;;0;14336;0;
IO;22;;11;14336;332;
IO;23;;11;2048;365;
IO;24;;11;2048;361;
IO;25;;2;4;236;
IO;26;;2;4;222;
IO;27;;2;4;200;
IO;28;;2;4;198;
IO;29;;0;4;0;
IO;30;;0;4;0;
IO;31;;2;4;205;
IO;32;;2;4;207;
IO;33;;0;4;0;
IO;34;;0;4;0;
IO;35;;0;4;0;
IO;36;;2;4;195;
IO;37;;2;4;196;
IO;38;;0;4;0;
IO;39;;0;4;0;
IO;40;;0;4;0;
IO;41;;0;4;0;
IO;42;;0;4;0;
IO;43;;0;0;0;
IO;44;;0;0;0;
IO;45;;0;0;0;
IO;46;;0;0;0;
IO;47;;0;0;0;
IO;48;;0;0;0;
IO;49;;0;0;0;
IO;50;;0;0;0;
IO;51;;0;0;0;
IO;52;;0;0;0;
IO;53;;0;0;0;
IO;54;;10;16378;131;
IO;55;;10;16378;134;
IO;56;;10;16378;132;
IO;57;;10;16378;140;
IO;58;;0;16378;0;
IO;59;;7;16378;133;
IO;60;;7;16378;152;
IO;61;;7;16378;153;
IO;62;;0;16378;0;
IO;63;;10;16378;155;
IO;64;;0;14845;0;
IO;65;;0;14845;0;
IO;66;;0;14845;0;
IO;67;;0;14845;0;
IO;68;;0;14845;0;
IO;69;;0;14845;0;
IO;70;;0;14845;0;
IO;71;;0;14845;0;
IO;72;;0;14845;0;
IO;73;;0;14845;0;
IO;74;;0;2;0;
IO;75;;0;2;0;
IO;76;;0;2;0;
IO;77;;0;2;0;
IO;78;;0;2;0;
IO;79;;0;2;0;
IO;80;;0;0;0;
IO;81;;0;0;0;
IO;82;;0;0;0;
IO;83;;0;0;0;
IO;84;;0;15354;0;
IO;85;;0;15354;0;
IO;86;;0;15354;0;
IO;87;;0;15354;0;
IO;88;;0;15354;0;
IO;89;;0;15354;0;
IO;90;;0;15354;0;
IO;91;;0;15354;0;
IO;92;;0;15354;0;
IO;93;;0;15354;0;
IO;94;;0;4;0;
IO;95;;0;4;0;
IO;96;;0;4;0;
IO;97;;0;4;0;
IO;98;;0;4;0;
IO;99;;0;4;0;
IO;100;;0;15354;0;
IO;101;;0;15354;0;
IO;102;;0;15354;0;
IO;103;;0;15354;0;
IO;104;;0;15354;0;
IO;105;;0;15354;0;
IO;106;;0;15354;0;
IO;107;;0;15354;0;
IO;108;;0;15354;0;
IO;109;;0;15354;0;
IO;110;;0;4;0;
IO;111;;0;4;0;
IO;112;;0;4;0;
IO;113;;0;4;0;
IO;114;;0;4;0;
IO;115;;0;4;0;
IO;116;;0;15354;0;
IO;117;;0;15354;0;
IO;118;;0;15354;0;
IO;119;;0;15354;0;
IO;120;;0;15354;0;
IO;121;;0;15354;0;
IO;122;;0;15354;0;
IO;123;;0;15354;0;
IO;124;;0;15354;0;
IO;125;;0;15354;0;
IO;126;;0;4;0;
IO;127;;0;4;0;
IO;128;;0;4;0;
IO;129;;0;4;0;
IO;130;;0;4;0;
IO;131;;0;4;0;
IO;132;;0;15354;0;
IO;133;;0;15354;0;
IO;134;;0;15354;0;
IO;135;;0;15354;0;
IO;136;;0;15354;0;
IO;137;;0;15354;0;
IO;138;;0;15354;0;
IO;139;;0;15354;0;
IO;140;;0;15354;0;
IO;141;;0;15354;0;
IO;142;;0;4;0;
IO;143;;0;4;0;
IO;144;;0;4;0;
IO;145;;0;4;0;
IO;146;;0;4;0;
IO;147;;0;4;0;
IO;148;;0;15354;0;
IO;149;;0;15354;0;
IO;150;;0;15354;0;
IO;151;;0;15354;0;
IO;152;;0;15354;0;
IO;153;;0;15354;0;
IO;154;;0;15354;0;
IO;155;;0;15354;0;
IO;156;;0;15354;0;
IO;157;;0;15354;0;
IO;158;;0;4;0;
IO;159;;0;4;0;
IO;160;;0;4;0;
IO;161;;0;4;0;
IO;162;;0;4;0;
IO;163;;0;4;0;
IO;164;;0;15354;0;
IO;165;;0;15354;0;
IO;166;;0;15354;0;
IO;167;;0;15354;0;
IO;168;;0;15354;0;
IO;169;;0;15354;0;
IO;170;;0;15354;0;
IO;171;;0;15354;0;
IO;172;;0;15354;0;
IO;173;;0;15354;0;
IO;174;;0;4;0;
IO;175;;0;4;0;
IO;176;;0;4;0;
IO;177;;0;4;0;
IO;178;;0;4;0;
IO;179;;0;4;0;
NAME;INDX;LOW;HIGH;CORR;;
AI;0;0.00000E+00;0.00000E+00;;;
AI;1;0.00000E+00;0.00000E+00;;;
AI;2;-3.00000E+01;7.00000E+01;;;
AI;3;-3.00000E+01;7.00000E+01;;;
AI;4;-3.00000E+01;7.00000E+01;;;
AI;5;-3.00000E+01;7.00000E+01;;;
AI;6;-3.00000E+01;7.00000E+01;;;
AI;7;-3.00000E+01;7.00000E+01;;;
AI;8;0.00000E+00;0.00000E+00;;;
AI;9;0.00000E+00;0.00000E+00;;;
AI;10;0.00000E+00;0.00000E+00;;;
AI;11;-3.00000E+01;7.00000E+01;;;
AI;12;-3.00000E+01;7.00000E+01;;;
AI;13;-3.00000E+01;7.00000E+01;;;
AI;14;0.00000E+00;1.00000E+01;;;
AI;15;0.00000E+00;1.00000E+02;;;
AI;16;0.00000E+00;0.00000E+00;;;
AI;17;0.00000E+00;0.00000E+00;;;
AI;18;0.00000E+00;2.50000E+03;;;
AI;19;0.00000E+00;2.50000E+03;;;
AI;20;0.00000E+00;0.00000E+00;;;
AI;21;0.00000E+00;0.00000E+00;;;
AI;22;0.00000E+00;1.00000E+02;;;
AI;23;0.00000E+00;1.00000E+02;;;
AI;24;0.00000E+00;5.00000E+03;;;
AI;25;0.00000E+00;5.00000E+03;;;
AI;26;-3.00000E+01;7.00000E+01;;;
AI;27;0.00000E+00;0.00000E+00;;;
AI;28;0.00000E+00;0.00000E+00;;;
AI;29;0.00000E+00;0.00000E+00;;;
AI;30;-3.00000E+01;7.00000E+01;;;
AI;31;-3.00000E+01;7.00000E+01;;;
AI;32;0.00000E+00;4.48000E+01;;;
AI;33;0.00000E+00;4.48000E+01;;;
AI;34;0.00000E+00;1.82000E+01;;;
AI;35;0.00000E+00;0.00000E+00;;;
