NAME;INDX;ID;START;END;STATE;
CM;0;1;1;8;0;
CM;1;2;9;10;0;
CM;2;3;11;24;0;
CM;3;4;25;29;0;
CM;4;5;142;153;8;
CM;5;6;0;0;0;
CM;6;7;0;254;7;
CM;7;8;0;253;7;
CM;8;9;0;255;7;
CM;9;50;30;34;0;
CM;10;51;35;39;0;
CM;11;101;40;46;0;
CM;12;102;47;50;8;
CM;13;103;51;53;0;
CM;14;104;54;69;0;
CM;15;105;70;82;8;
CM;16;106;83;95;8;
CM;17;107;96;101;0;
CM;18;108;102;105;0;
CM;19;109;106;109;8;
CM;20;110;110;112;8;
CM;21;111;113;117;8;
CM;22;112;118;125;8;
CM;23;113;126;135;8;
CM;24;114;136;141;0;
CM;25;201;0;1;0;
CM;26;202;0;2;0;
CM;27;203;0;3;0;
CM;28;204;0;4;8;
CM;29;205;0;11;7;
CM;30;301;0;5;6;
CM;31;302;0;5;5;
CM;32;303;0;5;6;
CM;33;304;0;5;6;
CM;34;305;0;5;6;
CM;35;401;0;6;2;
CM;36;402;0;7;2;
CM;37;403;0;8;2;
CM;38;404;0;9;2;
CM;39;405;0;10;2;
CM;40;1100;0;0;5;
CM;41;1101;0;0;6;
CM;42;1102;0;0;6;
CM;43;1103;0;0;6;
CM;44;1104;0;0;6;
CM;45;1105;0;0;14;
CM;46;1106;0;0;14;
CM;47;1200;0;0;14;
CM;48;1201;0;0;14;
CM;49;1202;0;0;14;
CM;50;1203;0;0;14;
CM;51;1300;0;0;5;
CM;52;1301;0;0;6;
CM;53;1302;0;0;6;
CM;54;2100;0;0;5;
CM;55;2101;0;0;6;
CM;56;2102;0;0;14;
CM;57;2104;0;0;14;
CM;58;2105;0;0;14;
CM;59;2106;0;0;14;
CM;60;2107;0;0;14;
CM;61;2108;0;0;14;
CM;62;2109;0;0;14;
CM;63;2110;0;0;14;
CM;64;2111;0;0;14;
CM;65;2112;0;0;14;
CM;66;2113;0;0;14;
CM;67;2115;0;0;14;
CM;68;2116;0;0;14;
CM;69;2117;0;0;14;
CM;70;2200;0;0;14;
CM;71;2201;0;0;14;
CM;72;2202;0;0;14;
CM;73;2204;0;0;14;
CM;74;2205;0;0;14;
CM;75;2206;0;0;14;
CM;76;2207;0;0;14;
CM;77;2208;0;0;14;
CM;78;2209;0;0;14;
CM;79;2210;0;0;14;
CM;80;2211;0;0;14;
CM;81;2212;0;0;14;
CM;82;2213;0;0;14;
CM;83;2300;0;0;14;
CM;84;2301;0;0;14;
CM;85;2302;0;0;14;
CM;86;2304;0;0;14;
CM;87;2305;0;0;14;
CM;88;2306;0;0;14;
CM;89;2307;0;0;14;
CM;90;2308;0;0;14;
CM;91;2309;0;0;14;
CM;92;2310;0;0;14;
CM;93;2311;0;0;14;
CM;94;2312;0;0;14;
CM;95;2313;0;0;14;
CM;96;3100;0;0;5;
CM;97;3101;0;0;6;
CM;98;3102;0;0;6;
CM;99;3103;0;0;6;
CM;100;3104;0;0;14;
CM;101;3105;0;0;14;
CM;102;4100;0;0;5;
CM;103;4101;0;0;6;
CM;104;4102;0;0;6;
CM;105;4103;0;0;14;
CM;106;5100;0;0;14;
CM;107;5101;0;0;14;
CM;108;5102;0;0;14;
CM;109;5103;0;0;14;
CM;110;6100;0;0;14;
CM;111;6101;0;0;14;
CM;112;6102;0;0;14;
CM;113;7100;0;0;14;
CM;114;7101;0;0;14;
CM;115;7102;0;0;14;
CM;116;7103;0;0;14;
CM;117;7104;0;0;14;
CM;118;8100;0;0;14;
CM;119;8101;0;0;14;
CM;120;8103;0;0;14;
CM;121;8104;0;0;14;
CM;122;8105;0;0;14;
CM;123;8106;0;0;14;
CM;124;8107;0;0;14;
CM;125;8108;0;0;14;
CM;126;8200;0;0;6;
CM;127;8201;0;0;6;
CM;128;8202;0;0;14;
CM;129;8203;0;0;14;
CM;130;8204;0;0;14;
CM;131;8205;0;0;14;
CM;132;8206;0;0;14;
CM;133;8207;0;0;14;
CM;134;8208;0;0;14;
CM;135;8209;0;0;14;
CM;136;10100;0;0;2;
CM;137;10200;0;0;2;
CM;138;10300;0;0;2;
CM;139;10400;0;0;2;
CM;140;10500;0;0;2;
CM;141;10700;0;0;10;
CM;142;20100;0;0;11;
CM;143;20101;0;0;11;
CM;144;20102;0;0;11;
CM;145;20103;0;0;11;
CM;146;20104;0;0;11;
CM;147;20105;0;0;11;
CM;148;20106;0;0;11;
CM;149;20107;0;0;11;
CM;150;20108;0;0;11;
CM;151;20109;0;0;11;
CM;152;20110;0;0;11;
CM;153;20111;0;0;11;
NAME;INDX;ID;TYPE;SUPP;CODE;
IO;1;;0;1;0;
IO;2;;1;1;4;
IO;3;;1;1;3;
IO;4;;0;1;0;
IO;5;;0;1;0;
IO;6;;0;1;0;
IO;7;;0;1;0;
IO;8;;0;1;0;
IO;9;;0;1;0;
IO;10;;0;1;0;
IO;11;;0;1;0;
IO;12;;0;1;0;
IO;13;;0;1;0;
IO;14;;0;1;0;
IO;15;;0;1;0;
IO;16;;0;1;0;
IO;17;;0;1;0;
IO;18;;0;1;0;
IO;19;;0;2048;0;
IO;20;;0;2048;0;
IO;21;;0;14336;0;
IO;22;;0;14336;0;
IO;23;;0;2048;0;
IO;24;;0;2048;0;
IO;25;;0;2;0;
IO;26;;0;2;0;
IO;27;;0;2;0;
IO;28;;0;2;0;
IO;29;;0;2;0;
IO;30;;0;2;0;
IO;31;;0;2;0;
IO;32;;0;2;0;
IO;33;;0;2;0;
IO;34;;0;2;0;
IO;35;;0;2;0;
IO;36;;0;2;0;
IO;37;;0;2;0;
IO;38;;0;2;0;
IO;39;;0;2;0;
IO;40;;0;2;0;
IO;41;;0;2;0;
IO;42;;0;0;0;
IO;43;;0;0;0;
IO;44;;0;0;0;
IO;45;;0;0;0;
IO;46;;0;0;0;
IO;47;;0;0;0;
IO;48;;0;0;0;
IO;49;;0;0;0;
IO;50;;0;0;0;
IO;51;;0;0;0;
IO;52;;0;0;0;
IO;53;;0;0;0;
IO;54;;0;14845;0;
IO;55;;0;14844;0;
IO;56;;0;14845;0;
IO;57;;0;10749;0;
IO;58;;0;14845;0;
IO;59;;0;14781;0;
IO;60;;0;14845;0;
IO;61;;0;14845;0;
IO;62;;0;14845;0;
IO;63;;0;14845;0;
IO;64;;0;14845;0;
IO;65;;0;14845;0;
IO;66;;0;14845;0;
IO;67;;0;14845;0;
IO;68;;0;14845;0;
IO;69;;0;14845;0;
IO;70;;0;14845;0;
IO;71;;0;14845;0;
IO;72;;0;14845;0;
IO;73;;0;14845;0;
IO;74;;0;2;0;
IO;75;;0;2;0;
IO;76;;0;2;0;
IO;77;;0;2;0;
IO;78;;0;2;0;
IO;79;;0;2;0;
IO;80;;0;14845;0;
IO;81;;0;14845;0;
IO;82;;0;14845;0;
IO;83;;0;14845;0;
IO;84;;0;14845;0;
IO;85;;0;14845;0;
IO;86;;0;14845;0;
IO;87;;0;14845;0;
IO;88;;0;14845;0;
IO;89;;0;14845;0;
IO;90;;0;2;0;
IO;91;;0;2;0;
IO;92;;0;2;0;
IO;93;;0;2;0;
IO;94;;0;2;0;
IO;95;;0;2;0;
IO;96;;0;14845;0;
IO;97;;0;14845;0;
IO;98;;0;14845;0;
IO;99;;0;14845;0;
IO;100;;0;14845;0;
IO;101;;0;14845;0;
IO;102;;0;14845;0;
IO;103;;0;14845;0;
IO;104;;0;14845;0;
IO;105;;0;14845;0;
IO;106;;0;2;0;
IO;107;;0;2;0;
IO;108;;0;2;0;
IO;109;;0;2;0;
IO;110;;0;2;0;
IO;111;;0;2;0;
IO;112;;0;14845;0;
IO;113;;0;14845;0;
IO;114;;0;14845;0;
IO;115;;0;14845;0;
IO;116;;0;14845;0;
IO;117;;0;14845;0;
IO;118;;0;14845;0;
IO;119;;0;14845;0;
IO;120;;0;14845;0;
IO;121;;0;14845;0;
IO;122;;0;2;0;
IO;123;;0;2;0;
IO;124;;0;2;0;
IO;125;;0;2;0;
IO;126;;0;2;0;
IO;127;;0;2;0;
IO;128;;0;14845;0;
IO;129;;0;14845;0;
IO;130;;0;14845;0;
IO;131;;0;14845;0;
IO;132;;0;14845;0;
IO;133;;0;14845;0;
IO;134;;0;14845;0;
IO;135;;0;14845;0;
IO;136;;0;14845;0;
IO;137;;0;14845;0;
IO;138;;0;2;0;
IO;139;;0;2;0;
IO;140;;0;2;0;
IO;141;;0;2;0;
IO;142;;0;2;0;
IO;143;;0;2;0;
IO;144;;0;14845;0;
IO;145;;0;14845;0;
IO;146;;0;14845;0;
IO;147;;0;14845;0;
IO;148;;0;14845;0;
IO;149;;0;14845;0;
IO;150;;0;14845;0;
IO;151;;0;14845;0;
IO;152;;0;14845;0;
IO;153;;0;14845;0;
IO;154;;0;2;0;
IO;155;;0;2;0;
IO;156;;0;2;0;
IO;157;;0;2;0;
IO;158;;0;2;0;
IO;159;;0;2;0;
IO;160;;0;0;0;
IO;161;;0;0;0;
IO;162;;0;0;0;
IO;163;;0;0;0;
IO;164;;0;0;0;
IO;165;;0;0;0;
IO;166;;0;0;0;
IO;167;;0;0;0;
IO;168;;0;0;0;
IO;169;;0;0;0;
IO;170;;0;0;0;
IO;171;;0;0;0;
IO;172;;0;0;0;
IO;173;;0;0;0;
IO;174;;0;0;0;
IO;175;;0;0;0;
IO;176;;0;0;0;
IO;177;;0;0;0;
IO;178;;0;0;0;
IO;179;;0;0;0;
NAME;INDX;LOW;HIGH;CORR;;
AI;0;0.00000E+000;0.00000E+000;0.00000E+000;;
AI;1;0.00000E+000;0.00000E+000;0.00000E+000;;
AI;2;-3.00000E+001;7.00000E+001;0.00000E+000;;
AI;3;-3.00000E+001;7.00000E+001;0.00000E+000;;
AI;4;-3.00000E+001;7.00000E+001;0.00000E+000;;
AI;5;-3.00000E+001;7.00000E+001;0.00000E+000;;
AI;6;-3.00000E+001;7.00000E+001;0.00000E+000;;
AI;7;-3.00000E+001;7.00000E+001;0.00000E+000;;
AI;8;0.00000E+000;0.00000E+000;0.00000E+000;;
AI;9;0.00000E+000;0.00000E+000;0.00000E+000;;
AI;10;0.00000E+000;0.00000E+000;0.00000E+000;;
AI;11;-3.00000E+001;7.00000E+001;0.00000E+000;;
AI;12;-3.00000E+001;7.00000E+001;0.00000E+000;;
AI;13;-3.00000E+001;7.00000E+001;0.00000E+000;;
AI;14;0.00000E+000;1.00000E+001;0.00000E+000;;
AI;15;0.00000E+000;1.00000E+002;0.00000E+000;;
AI;16;0.00000E+000;0.00000E+000;0.00000E+000;;
AI;17;0.00000E+000;0.00000E+000;0.00000E+000;;
AI;18;0.00000E+000;2.50000E+003;0.00000E+000;;
AI;19;0.00000E+000;2.50000E+003;0.00000E+000;;
AI;20;0.00000E+000;0.00000E+000;0.00000E+000;;
AI;21;0.00000E+000;0.00000E+000;0.00000E+000;;
AI;22;0.00000E+000;1.00000E+002;0.00000E+000;;
AI;23;0.00000E+000;1.00000E+002;0.00000E+000;;
AI;24;0.00000E+000;2.00000E+003;0.00000E+000;;
AI;25;0.00000E+000;2.00000E+003;0.00000E+000;;
AI;26;-3.00000E+001;7.00000E+001;0.00000E+000;;
AI;27;0.00000E+000;0.00000E+000;0.00000E+000;;
AI;28;0.00000E+000;0.00000E+000;0.00000E+000;;
AI;29;0.00000E+000;0.00000E+000;0.00000E+000;;
AI;30;-3.00000E+001;7.00000E+001;0.00000E+000;;
AI;31;-3.00000E+001;7.00000E+001;0.00000E+000;;
