NAME;INDX;ID;START;END;STATE;
CM;0;1;1;9;0;
CM;1;2;16;19;0;
CM;2;3;20;34;0;
CM;3;4;35;39;0;
CM;4;5;170;183;0;
CM;5;6;52;54;0;
CM;6;10;12;15;0;
CM;7;8;0;253;15;
CM;8;11;0;252;15;
CM;9;12;10;11;0;
CM;10;30;0;13;7;
CM;11;31;0;14;7;
CM;12;40;0;253;7;
CM;13;41;0;254;7;
CM;14;42;0;251;7;
CM;15;43;0;252;7;
CM;16;50;40;45;0;
CM;17;51;46;51;0;
CM;18;53;55;56;8;
CM;19;52;57;62;0;
CM;20;101;63;69;0;
CM;21;102;70;73;8;
CM;22;103;74;78;0;
CM;23;104;79;94;0;
CM;24;105;95;107;0;
CM;25;106;108;120;0;
CM;26;107;121;130;0;
CM;27;108;131;134;0;
CM;28;109;135;138;8;
CM;29;110;139;141;8;
CM;30;111;142;146;8;
CM;31;112;147;158;8;
CM;32;113;0;0;8;
CM;33;114;164;169;0;
CM;34;115;159;163;0;
CM;35;201;0;1;0;
CM;36;202;0;2;0;
CM;37;203;0;3;0;
CM;38;204;0;4;0;
CM;39;205;0;12;7;
CM;40;301;0;5;6;
CM;41;302;0;5;6;
CM;42;303;0;5;5;
CM;43;304;0;5;6;
CM;44;305;0;5;6;
CM;45;306;0;5;6;
CM;46;401;0;6;2;
CM;47;402;0;7;2;
CM;48;403;0;8;2;
CM;49;404;0;9;2;
CM;50;405;0;10;2;
CM;51;405;0;11;10;
CM;52;501;184;201;0;
CM;53;502;202;209;0;
CM;54;503;210;219;0;
CM;55;551;0;14;5;
CM;56;552;0;14;6;
CM;57;603;0;15;5;
CM;58;602;0;15;6;
CM;59;601;0;15;6;
CM;60;600;0;15;6;
CM;61;599;0;15;14;
CM;62;598;0;15;14;
CM;63;1100;0;0;14;
CM;64;1101;0;0;14;
CM;65;1102;0;0;14;
CM;66;1103;0;0;5;
CM;67;1104;0;0;14;
CM;68;1105;0;0;14;
CM;69;1106;0;0;14;
CM;70;1200;0;0;14;
CM;71;1201;0;0;14;
CM;72;1202;0;0;14;
CM;73;1203;0;0;14;
CM;74;1300;0;0;14;
CM;75;1301;0;0;14;
CM;76;1302;0;0;14;
CM;77;1303;0;0;5;
CM;78;1304;0;0;14;
CM;79;2100;0;0;5;
CM;80;2101;0;0;6;
CM;81;2102;0;0;14;
CM;82;2104;0;0;14;
CM;83;2105;0;0;14;
CM;84;2106;0;0;6;
CM;85;2107;0;0;6;
CM;86;2108;0;0;6;
CM;87;2109;0;0;6;
CM;88;2110;0;0;6;
CM;89;2111;0;0;6;
CM;90;2112;0;0;6;
CM;91;2113;0;0;6;
CM;92;2115;0;0;14;
CM;93;2116;0;0;14;
CM;94;2117;0;0;14;
CM;95;2200;0;0;14;
CM;96;2201;0;0;6;
CM;97;2202;0;0;14;
CM;98;2204;0;0;14;
CM;99;2205;0;0;14;
CM;100;2206;0;0;6;
CM;101;2207;0;0;6;
CM;102;2208;0;0;6;
CM;103;2209;0;0;6;
CM;104;2210;0;0;6;
CM;105;2211;0;0;6;
CM;106;2212;0;0;6;
CM;107;2213;0;0;5;
CM;108;2300;0;0;5;
CM;109;2301;0;0;14;
CM;110;2302;0;0;14;
CM;111;2304;0;0;14;
CM;112;2305;0;0;14;
CM;113;2306;0;0;6;
CM;114;2307;0;0;6;
CM;115;2308;0;0;6;
CM;116;2309;0;0;6;
CM;117;2310;0;0;6;
CM;118;2311;0;0;6;
CM;119;2312;0;0;14;
CM;120;2313;0;0;14;
CM;121;3100;0;0;14;
CM;122;3101;0;0;14;
CM;123;3102;0;0;14;
CM;124;3103;0;0;14;
CM;125;3104;0;0;14;
CM;126;3105;0;0;14;
CM;127;3106;0;0;5;
CM;128;3107;0;0;6;
CM;129;3108;0;0;14;
CM;130;3109;0;0;14;
CM;131;4100;0;0;14;
CM;132;4101;0;0;5;
CM;133;4102;0;0;14;
CM;134;4103;0;0;14;
CM;135;5100;0;0;14;
CM;136;5101;0;0;14;
CM;137;5102;0;0;14;
CM;138;5103;0;0;14;
CM;139;6100;0;0;14;
CM;140;6101;0;0;14;
CM;141;6102;0;0;14;
CM;142;7100;0;0;14;
CM;143;7101;0;0;14;
CM;144;7102;0;0;14;
CM;145;7103;0;0;14;
CM;146;7104;0;0;14;
CM;147;8100;0;0;14;
CM;148;8101;0;0;14;
CM;149;8103;0;0;14;
CM;150;8104;0;0;14;
CM;151;8105;0;0;14;
CM;152;8106;0;0;14;
CM;153;8107;0;0;14;
CM;154;8108;0;0;14;
CM;155;8109;0;0;14;
CM;156;8110;0;0;14;
CM;157;8111;0;0;14;
CM;158;8112;0;0;14;
CM;159;8200;0;15;6;
CM;160;8201;0;15;5;
CM;161;8202;0;15;6;
CM;162;8203;0;15;14;
CM;163;8204;0;15;14;
CM;164;10100;0;0;2;
CM;165;10200;0;0;10;
CM;166;10300;0;0;10;
CM;167;10400;0;0;10;
CM;168;10500;0;0;10;
CM;169;10900;0;0;10;
CM;170;20100;0;0;11;
CM;171;20101;0;0;11;
CM;172;20102;0;0;11;
CM;173;20103;0;0;11;
CM;174;20104;0;0;11;
CM;175;20105;0;0;11;
CM;176;20106;0;0;11;
CM;177;20107;0;0;11;
CM;178;20108;0;0;11;
CM;179;20109;0;0;11;
CM;180;20110;0;0;11;
CM;181;20111;0;0;1;
CM;182;20112;0;0;1;
CM;183;20113;0;0;1;
CM;184;21100;0;0;11;
CM;185;21101;0;0;11;
CM;186;21102;0;0;11;
CM;187;21103;0;0;11;
CM;188;21104;0;0;11;
CM;189;21105;0;0;11;
CM;190;21106;0;0;11;
CM;191;21107;0;0;11;
CM;192;21108;0;0;11;
CM;193;21109;0;0;11;
CM;194;21110;0;0;11;
CM;195;21111;0;0;11;
CM;196;21112;0;0;11;
CM;197;21113;0;0;11;
CM;198;21114;0;0;1;
CM;199;21115;0;0;11;
CM;200;21116;0;0;11;
CM;201;21117;0;0;11;
CM;202;21200;0;0;11;
CM;203;21201;0;0;11;
CM;204;21202;0;0;11;
CM;205;21203;0;0;11;
CM;206;21204;0;0;1;
CM;207;21205;0;0;11;
CM;208;21206;0;0;11;
CM;209;21207;0;0;11;
CM;210;21300;0;0;11;
CM;211;21301;0;0;11;
CM;212;21302;0;0;11;
CM;213;21303;0;0;11;
CM;214;21304;0;0;11;
CM;215;21305;0;0;11;
CM;216;21306;0;0;11;
CM;217;21307;0;0;11;
CM;218;21308;0;0;1;
CM;219;21309;0;0;11;
NAME;INDX;ID;TYPE;SUPP;CODE;
IO;1;;0;2;0;
IO;2;;1;2;4;
IO;3;;1;2;3;
IO;4;;1;2;58;
IO;5;;0;2;0;
IO;6;;1;2;14;
IO;7;;1;2;17;
IO;8;;1;2;6;
IO;9;;1;2;7;
IO;10;;1;2;68;
IO;11;;1;2;47;
IO;12;;0;2;0;
IO;13;;0;2;0;
IO;14;;0;2;0;
IO;15;;0;2;0;
IO;16;;0;2;0;
IO;17;;0;2;0;
IO;18;;0;2;0;
IO;19;;11;2048;332;
IO;20;;11;2048;333;
IO;21;;11;14336;334;
IO;22;;0;14336;0;
IO;23;;0;2048;0;
IO;24;;0;2048;0;
IO;25;;0;4;0;
IO;26;;0;4;0;
IO;27;;0;4;0;
IO;28;;1;4;238;
IO;29;;1;4;239;
IO;30;;1;4;240;
IO;31;;1;4;205;
IO;32;;1;4;207;
IO;33;;1;4;241;
IO;34;;1;4;242;
IO;35;;1;4;243;
IO;36;;1;4;268;
IO;37;;1;4;195;
IO;38;;0;4;0;
IO;39;;0;4;0;
IO;40;;1;4;244;
IO;41;;1;4;245;
IO;42;;0;4;0;
IO;43;;0;0;0;
IO;44;;0;0;0;
IO;45;;0;0;0;
IO;46;;0;0;0;
IO;47;;0;0;0;
IO;48;;0;0;0;
IO;49;;0;0;0;
IO;50;;0;0;0;
IO;51;;0;0;0;
IO;52;;0;0;0;
IO;53;;0;0;0;
IO;54;;0;16378;0;
IO;55;;10;16378;131;
IO;56;;10;16378;132;
IO;57;;7;16378;133;
IO;58;;7;16378;152;
IO;59;;0;16378;0;
IO;60;;0;16378;0;
IO;61;;0;16378;0;
IO;62;;0;16378;0;
IO;63;;0;16378;0;
IO;64;;0;14845;0;
IO;65;;0;14845;0;
IO;66;;11;14845;0;
IO;67;;11;14845;0;
IO;68;;2;14845;292;
IO;69;;2;14845;293;
IO;70;;2;14845;294;
IO;71;;2;14845;289;
IO;72;;0;14845;0;
IO;73;;0;14845;0;
IO;74;;7;2;161;
IO;75;;7;2;162;
IO;76;;7;2;163;
IO;77;;1;2;97;
IO;78;;0;2;0;
IO;79;;1;2;100;
IO;80;;0;0;0;
IO;81;;1;0;103;
IO;82;;0;0;0;
IO;83;;0;0;0;
IO;84;;0;15354;0;
IO;85;;0;15354;0;
IO;86;;0;15354;0;
IO;87;;0;15354;0;
IO;88;;0;15354;0;
IO;89;;0;15354;0;
IO;90;;0;15354;0;
IO;91;;0;15354;0;
IO;92;;0;15354;0;
IO;93;;0;15354;0;
IO;94;;0;4;0;
IO;95;;0;4;0;
IO;96;;0;4;0;
IO;97;;0;4;0;
IO;98;;0;4;0;
IO;99;;0;4;0;
IO;100;;0;15354;0;
IO;101;;0;15354;0;
IO;102;;0;15354;0;
IO;103;;0;15354;0;
IO;104;;0;15354;0;
IO;105;;0;15354;0;
IO;106;;0;15354;0;
IO;107;;0;15354;0;
IO;108;;0;15354;0;
IO;109;;0;15354;0;
IO;110;;0;4;0;
IO;111;;0;4;0;
IO;112;;0;4;0;
IO;113;;0;4;0;
IO;114;;0;4;0;
IO;115;;0;4;0;
IO;116;;0;15354;0;
IO;117;;0;15354;0;
IO;118;;0;15354;0;
IO;119;;0;15354;0;
IO;120;;0;15354;0;
IO;121;;0;15354;0;
IO;122;;0;15354;0;
IO;123;;0;15354;0;
IO;124;;0;15354;0;
IO;125;;0;15354;0;
IO;126;;0;4;0;
IO;127;;0;4;0;
IO;128;;0;4;0;
IO;129;;0;4;0;
IO;130;;0;4;0;
IO;131;;0;4;0;
IO;132;;0;15354;0;
IO;133;;0;15354;0;
IO;134;;0;15354;0;
IO;135;;0;15354;0;
IO;136;;0;15354;0;
IO;137;;0;15354;0;
IO;138;;0;15354;0;
IO;139;;0;15354;0;
IO;140;;0;15354;0;
IO;141;;0;15354;0;
IO;142;;0;4;0;
IO;143;;0;4;0;
IO;144;;0;4;0;
IO;145;;0;4;0;
IO;146;;0;4;0;
IO;147;;0;4;0;
IO;148;;0;15354;0;
IO;149;;0;15354;0;
IO;150;;0;15354;0;
IO;151;;0;15354;0;
IO;152;;0;15354;0;
IO;153;;0;15354;0;
IO;154;;0;15354;0;
IO;155;;0;15354;0;
IO;156;;0;15354;0;
IO;157;;0;15354;0;
IO;158;;0;4;0;
IO;159;;0;4;0;
IO;160;;0;4;0;
IO;161;;0;4;0;
IO;162;;0;4;0;
IO;163;;0;4;0;
IO;164;;0;15354;0;
IO;165;;0;15354;0;
IO;166;;0;15354;0;
IO;167;;0;15354;0;
IO;168;;0;15354;0;
IO;169;;0;15354;0;
IO;170;;0;15354;0;
IO;171;;0;15354;0;
IO;172;;0;15354;0;
IO;173;;0;15354;0;
IO;174;;0;4;0;
IO;175;;0;4;0;
IO;176;;0;4;0;
IO;177;;0;4;0;
IO;178;;0;4;0;
IO;179;;0;4;0;
NAME;INDX;LOW;HIGH;CORR;;
AI;0;0.00000E+00;0.00000E+00;;;
AI;1;0.00000E+00;0.00000E+00;;;
AI;2;-3.00000E+01;7.00000E+01;;;
AI;3;-3.00000E+01;7.00000E+01;;;
AI;4;-3.00000E+01;7.00000E+01;;;
AI;5;-3.00000E+01;7.00000E+01;;;
AI;6;-3.00000E+01;7.00000E+01;;;
AI;7;-3.00000E+01;7.00000E+01;;;
AI;8;0.00000E+00;0.00000E+00;;;
AI;9;0.00000E+00;0.00000E+00;;;
AI;10;0.00000E+00;0.00000E+00;;;
AI;11;-3.00000E+01;7.00000E+01;;;
AI;12;-3.00000E+01;7.00000E+01;;;
AI;13;-3.00000E+01;7.00000E+01;;;
AI;14;0.00000E+00;1.00000E+01;;;
AI;15;0.00000E+00;1.00000E+02;;;
AI;16;0.00000E+00;0.00000E+00;;;
AI;17;0.00000E+00;0.00000E+00;;;
AI;18;0.00000E+00;2.50000E+03;;;
AI;19;0.00000E+00;2.50000E+03;;;
AI;20;0.00000E+00;0.00000E+00;;;
AI;21;0.00000E+00;0.00000E+00;;;
AI;22;0.00000E+00;1.00000E+02;;;
AI;23;0.00000E+00;1.00000E+02;;;
AI;24;0.00000E+00;5.00000E+03;;;
AI;25;0.00000E+00;5.00000E+03;;;
AI;26;-3.00000E+01;7.00000E+01;;;
AI;27;0.00000E+00;0.00000E+00;;;
AI;28;0.00000E+00;0.00000E+00;;;
AI;29;0.00000E+00;0.00000E+00;;;
AI;30;-3.00000E+01;7.00000E+01;;;
AI;31;-3.00000E+01;7.00000E+01;;;
AI;32;0.00000E+00;4.48000E+01;;;
AI;33;0.00000E+00;4.48000E+01;;;
AI;34;0.00000E+00;1.82000E+01;;;
AI;35;0.00000E+00;0.00000E+00;;;
AI;36;0.00000E+00;0.00000E+00;;;
AI;37;0.00000E+00;0.00000E+00;;;
